3
0,319,176
72,151,148
176,255,120
1
216,252,160,1,0
4
40,150
100,124
200,96
264,40
1
16,124
1
0,60,240,272,32,1
2
0,79,176
216,319,176
1
248,296,160,1,1
3
100,140
160,140
200,140
0
1
0,160,80,184,32,1
5
0,319,176
24,87,146
120,183,120
216,279,94
88,183,72
3
32,112,160,1,1
124,164,104,-1,0
208,276,160,-1,0
3
112,48
144,48
232,70
0
0
4
0,159,176
208,319,176
120,199,132
240,287,146
3
40,130,160,1,1
216,256,160,-1,0
124,180,116,1,0
3
60,132
176,140
256,122
1
96,120
0
