3
0,319,176
76,155,146
160,239,120
1
236,272,160,1,0
4
104,126
188,100
272,150
272,44
1
40,124
1
1,264,60,130,32,1
4
0,79,176
128,207,176
256,319,176
96,143,146
1
132,188,160,1,0
3
112,122
224,130
244,136
0
0
5
0,319,176
32,95,146
128,191,120
224,287,94
96,191,72
3
40,120,160,1,0
132,172,104,-1,0
216,284,160,-1,1
3
120,48
152,48
240,70
0
0
4
0,159,176
208,319,176
120,199,132
240,287,146
3
40,130,160,1,0
216,256,160,-1,1
124,180,116,1,0
3
60,132
176,140
256,122
1
96,120
0
