3
0,319,176
80,159,146
168,247,116
1
252,288,160,1,0
3
108,130
192,104
276,150
1
40,120
0
4
0,72,176
120,199,176
247,319,176
88,135,146
1
124,180,160,1,1
3
104,122
216,130
236,136
0
0
5
0,319,176
24,87,146
120,183,120
216,279,94
88,183,72
3
32,112,160,1,0
124,164,104,-1,0
208,276,160,-1,0
3
112,48
144,48
232,70
0
0
4
0,152,176
200,319,176
112,191,132
232,279,146
3
32,122,160,1,1
208,248,160,-1,0
116,172,116,1,1
3
52,132
168,140
248,122
1
88,120
0
